EDMsong.wav
roofSky.jpeg

4
175
0 -10
0.1 0.68
0 -0.0140
0.07
0.878 0.905 0.133


100
0 -10
-0.1 0.63
0 -0.0140
0.1
0.301 0.301 1.0

50
5 -10
0.03 0.66
0 -0.0140
0.1
0.780 0.141 0.694


200
3 -10
-0.14 0.74
0 -0.0140
0.06
1.0 0.678 0.0

2
150
-10 -10
0.2 0.65
0 -0.0140
0.1
0.823 0.152 0.188


75
10 -10
-0.3 0.7
0 -0.0140
0.12
0.858 0.243 0.694

2
40
0 -10
0.1 0.74
0 -0.0140
0.07
0.266 0.839 0.172

100
-5 -10
0.2 0.63
0 -0.0140
0.1
0.878 0.905 0.133

1
200
5 -10
-0.15 0.67
0 -0.0140
0.1
0.419 1 0.937

4
50
-10 -10
0.2 0.73
0 -0.0140
0.1
0.878 0.905 0.133

50
-10 -10
0.2 0.6
0 -0.0140
0.1
0.992 0.725 0.705

50
10 -10
-0.2 0.73
0 -0.0140
0.1
0.878 0.905 0.133

50
10 -10
-0.2 0.6
0 -0.0140
0.1
0.992 0.725 0.705

1
20
-1 -10
0.1 0.72
0 -0.0140
0.14
0.992 0.278 0.227

9
100
0 -10
-0.15 0.7
0 -0.0140
0.09
0.196 1.0 0.121

100
0 -10
0.15 0.7
0 -0.0140
0.09
0.196 1.0 0.121

150
-10 -10
0.2 0.72
0 -0.0140
0.13
1.0 1.0 1.0

150
10 -10
-0.2 0.72
0 -0.0140
0.13
1.0 1.0 1.0

50
-3 -10
0.1 0.64
0 -0.0140
0.1
0.023 0.419 0.996

70
4 -10
0.0 0.69
0 -0.0140
0.16
0.992 0.149 0.878

200
0 -10
0.0 0.75
0 -0.0140
0.05
0.992 0.972 0.207

140
-6 -10
-0.05 0.63
0 -0.0140
0.09
0.854 0.188 0.992

10
8 -10
-0.1 0.65
0 -0.0140
0.14
0.262 0.929 0.976