NationalAnthem.wav
sky.jpeg

1
100
0 -10
0.0 0.69
0 -0.0140
0.1
1.0 0.1 0.0

1
120
-10 -10
0.1 0.69
0 -0.0140
0.07
0.1 0.0 1.0

2
80
10 -10
-0.1 0.74
0 -0.0140
0.15
1.0 1.0 1.0

50
4 -10
0.0 0.59
0 -0.0140
0.1
0.2 0.0 0.5

3
120
0 -10
-0.2 0.56
0.001 -0.0140
0.12
0.4 0.0 0.1

90
-10 -10
0.2 0.69
0.001 -0.0140
0.07
1.0 1.0 0.9

70
10 -10
-0.2 0.59
0.001 -0.0140
0.05
0.4 0.7 1.0

2
100
5 -10
-0.2 0.59
0.0 -0.0140
0.05
0.9 0.0 0.1

50
-5 -10
0.2 0.59
0.0 -0.0140
0.05
0.2 0.0 1.0

1
100
-10 -10
0.2 0.69
0.0 -0.0140
0.14
0.4 0.3 1.0

1
60
10 -10
-0.2 0.69
0.0 -0.0140
0.08
0.3 0.6 0.8

7
200
-5 -10
0.1 0.59
0.0 -0.0140
0.16
0.8 0.0 0.3

100
-10 -10
0.2 0.55
0.0 -0.0140
0.06
0.6 0.0 0.2

50
10 -10
-0.3 0.69
0.0 -0.0140
0.08
0.5 0.7 0.8

40
4 -10
-0.2 0.62
0.0 -0.0140
0.06
0.8 0.0 0.3

200
2 -10
0.2 0.79
0.0 -0.0140
0.1
0.1 0.2 1.0

120
0 -10
-0.1 0.76
0.0 -0.0140
0.06
1.0 0.9 1.0

100
-5 -10
0.15 0.69
0.0 -0.0140
0.14
0.0 0.7 0.9