RainbowSong.wav
skyline.jpeg

1
75
0 -10
0.12 0.70
0 -0.0140
0.09
0.92 0.047 0.058

1
100
0 -10
-0.11 0.74
0 -0.0140
0.07
0.98 0.618 0.058

2
50
0 -10
0.09 0.72
0 -0.0140
0.1
0.996 0.980 0.223

200
0 -10
-0.14 0.72
0 -0.0140
0.05
0.486 0.992 0.466

3
10
-10 -10
0.2 0.69
0 -0.0140
0.11
0.501 0.847 0.996


25
10 -10
-0.18 0.75
0 -0.0140
0.17
0.501 0.5 0.996

250
0 -10
0 0.72
0 -0.0140
0.07
1.0 1.0 1.0

2
100
-5 -10
0 0.65
0 -0.0140
0.1
1.0 0.0 0.0

80
5 -10
0.1 0.57
0 -0.0140
0.09
0.0 0.7 0.3

2
50
-3 -10
0.1 0.60
0 -0.0140
0.12
0.988 0.611 0.882

75
-3 -10
0.2 0.75
0 -0.0140
0.1
0.988 0.611 0.882

9
75
0 -10
0.12 0.7
0 -0.0140
0.09
0.92 0.047 0.058


100
0 -10
-0.11 0.74
0 -0.0140
0.07
0.98 0.618 0.058


50
0 -10
0.09 0.72
0 -0.0140
0.1
0.996 0.980 0.223

200
0 -10
-0.14 0.72
0 -0.0140
0.05
0.486 0.992 0.466


10
-10 -10
0.2 0.74
0 -0.0140
0.11
0.501 0.847 0.996


25
10 -10
-0.18 0.75
0 -0.0140
0.17
0.501 0.5 0.996

250
0 -10
0 0.72
0 -0.0140
0.07
1.0 1.0 1.0


100
-5 -10
0 0.65
0 -0.0140
0.1
1.0 0.0 0.0

80
5 -10
0.1 0.57
0 -0.0140
0.09
0.0 0.7 0.3
